0 0 1.00001424813
0.0106367845022 0.0103450732753 2.00426864411
0.0207361151313 0.0211210557971 1.9985385106
0.031288350223 0.0366596728746 1.99947766803
0.0442018821133 0.0491448735705 1.99941384664
0.0578970524754 0.061845693097 1.99978339525
0.0747614472654 0.079989788072 2.00022164856
0.0911106876958 0.093666145059 1.99406193157
0.109142142776 0.112974503564 2.0006222159
0.130145889365 0.127811152829 1.99492650277
0.149161639481 0.143406855948 1.99548183448
0.16985438875 0.164488487227 2.00290426828
0.194276614283 0.17985516039 1.99730166798
0.211873078273 0.195047683294 2.00241927428
0.229614043852 0.214781070936 2.00265119951
0.266877933393 0.229077812596 2.00818314614
0.285574020532 0.242864801779 2.01099099242
0.296865427602 0.26093588717 2.00965399598
0.310361615364 0.274138121666 2.00897363705
0.321262839242 0.287508768169 2.00496703348
0.340952622736 0.304321661127 2.00619603619
0.356338339708 0.316917203655 2.007108519
0.37153967368 0.329628675648 2.00828699066
0.388587195347 0.34667798991 2.01344620012
0.406878955787 0.35908072686 2.01775242114
0.422737660793 0.371467549285 2.01779013455
0.437077413847 0.387013743158 2.01795206738
0.443995808052 0.39734486784 2.02348974478
0.459697632186 0.407728341201 2.01202766986
0.481205701551 0.42075450685 2.01533848927
0.489139461826 0.429862240807 2.0235229718
0.498539371463 0.438270741078 2.01686357283
0.517017728916 0.449338476015 2.02316654882
0.520689567547 0.457430249969 2.0243203194
0.528677230893 0.465271371363 2.01784794922
0.540471702935 0.475348879345 2.02172894258
0.5512482575 0.482580950144 2.02092801939
0.564875724695 0.490407578613 2.03257833659
0.569567964794 0.499505634367 2.03750987337
0.584007837922 0.506457020426 2.02835863592
0.589293273604 0.513947653754 2.03030885703
0.59793604598 0.523877713152 2.02960290775
0.607629549435 0.531933238267 2.005162613
0.615205315482 0.540072294513 1.99906712227
0.628344700877 0.551541894155 1.99710603938
0.635269931887 0.560246265234 1.98758971042
0.644645589073 0.569056239398 1.98473848653
0.653523003622 0.581306267901 1.98486488084
0.666367268256 0.590892938576 1.98392874275
0.680044997987 0.600904962679 1.98584450384
0.691366342412 0.615597999886 1.99555255189
0.700543250222 0.627157694466 1.99124516821
0.713752693157 0.639241318784 1.99060953951
0.729313150493 0.655648353732 1.99046371487
0.743061116245 0.668483879013 1.98979883244
0.757263669002 0.681326827161 1.98854569388
0.768031221286 0.698070523176 1.99076040033
0.792642164583 0.710393950318 1.98824224037
0.807768053975 0.723327376845 1.98478797003
0.828487648997 0.740733743459 1.98914426757
0.838079754226 0.753596870419 1.99446126269
0.849715388479 0.766587669184 1.98660855786
0.868038650094 0.784930845938 1.98341001253
0.885330971131 0.799414196618 1.99005812662
0.905224345386 0.814797297331 1.98972556505
0.927791222777 0.837100359577 1.98773806818
0.948534387969 0.855175600908 1.99513668228
0.970083023056 0.874111970147 1.99532959638
0.991261627835 0.900067204027 1.9902714163
1.01443422644 0.920011734819 1.99217018487
1.03396458896 0.939930641215 1.99475058524
1.05330633628 0.96588078712 1.99503815589
1.0738192643 0.984832583909 1.99120279132
1.09719152229 1.0035322681 1.99253492241
1.12006084789 1.02800442759 1.99509026118
1.14033951292 1.04545733852 1.99852781694
1.15785073759 1.0622606004 1.99676231902
1.17563232482 1.08382783373 1.99476342582
1.19090591251 1.0992783126 1.99642331238
1.20638884427 1.11402929591 1.9965646694
1.22024157631 1.13300931411 1.99779593156
1.24041886682 1.14693638031 1.99990071186
1.25997430423 1.16047655724 1.99928977146
1.27654952655 1.1779510018 1.99702312183
1.29244997147 1.19059244097 1.99440147242
1.30684914922 1.2027075376 1.98802595941
1.31922273378 1.21849706079 1.98972392044
1.3504259176 1.24165884138 1.98473300665
1.36408399814 1.2575487886 1.98771533098
1.39355694151 1.28193591089 1.98241384495
1.41562146767 1.2998568656 1.99395831454
1.46215689122 1.32981199658 1.99711000045
1.47607957117 1.35039099496 1.99949935988
1.50277793718 1.38178618269 2.00184123944
1.51973267551 1.40274583673 2.00388285968
1.56969946969 1.43230266217 2.00266985949
1.59567953003 1.45199902395 2.00056966349
1.6372531954 1.48200740382 2.00288292123
1.66339370173 1.50216040487 2.00178603144
1.69669860811 1.53131066451 1.99962860659
1.71350895846 1.55040488932 1.9996309444
1.73646295947 1.56420354637 2.00344367745
1.75330048564 1.57782527949 2.00025830359
1.76791125467 1.59446403705 2.00385946655
1.79178218041 1.61842850532 2.00517853879
1.80777163848 1.63429360031 2.00183102297
1.83637253906 1.65997737768 2.00465450149
1.85260804464 1.67897428553 2.00140473896
1.88443162549 1.7100350141 2.00458242498
1.90341269991 1.73127525573 2.00165377474
1.94257219428 1.76433512452 2.01442301642
1.96722314416 1.78702265833 2.00665670502
2.0051229673 1.82178783091 2.00489607911
2.02314799265 1.8448144745 2.00053172369
2.04140316808 1.86151352539 2.00244650786
2.06285966775 1.87782769043 2.00634978552
2.08284884507 1.89911681615 2.00285453361
2.1053228048 1.91475092602 2.00591183622
2.12180910134 1.93083539933 2.00364654294
2.14251827321 1.9527775782 1.99946902537
2.16147221645 1.96927204708 1.99592366797
2.1822968646 1.98573941018 1.99458354577
2.20139900894 2.00653600922 2.00538991325
2.21958470166 2.02219728255 2.00251008019
2.24922905856 2.03793956551 1.99975585518
2.27439447293 2.05849555328 2.00364193473
2.30561899427 2.08890326578 1.99955685975
2.32310599061 2.10966400494 2.00003584093
2.34106258194 2.12579233048 2.00872752452
2.35868358435 2.14283239264 2.00671315608
2.38326478074 2.16674147475 2.00457514906
2.41129565704 2.18563581598 2.00642632257
2.43484409923 2.20556093509 2.01173106562
2.46323316031 2.23297727412 2.00215311254
2.50101051108 2.2538640182 1.99084439514
2.53246770303 2.27474133831 1.99861621938
2.55338510314 2.30196420273 1.98895156241
2.58372135461 2.32179260561 1.98725826128
2.60474832902 2.34092384548 1.99603138489
2.62351118619 2.36588217131 1.99442335934
2.64150521842 2.38413871199 1.98691600985
2.66183928457 2.40243381635 1.99087665307
2.69226892325 2.42847167808 2.01252919982
2.71393309001 2.44843737469 1.99866727445
2.74562156019 2.46856786825 2.00463336574
2.78564342958 2.49635644597 2.01329296763
2.81527146763 2.51669213951 2.00008429411
2.83961876388 2.53616726991 1.98395201517
2.8644843774 2.55944255011 1.96586270604
2.88290438097 2.57452620932 1.98948372801
2.91380696055 2.58910796707 1.99070957859
2.92885449112 2.60566708398 1.98855257548
2.95356077368 2.62605988331 1.99777225387
2.96808816257 2.64086465976 2.01876537066
2.98282452475 2.6538424373 2.00729723348
3.01741103027 2.66928594642 1.99289161532
3.05053545778 2.69250872025 2.00157432841
3.08124470607 2.71145466205 1.99396493377
3.14438946151 2.75983911388 1.99826261785
3.16531450725 2.77995521124 1.99414420883
3.17976864929 2.79909133606 2.00169248098
3.19133620139 2.82266387236 2.00445574234
3.20806345504 2.83887885944 2.00314514266
3.2313984353 2.87199028054 2.02399334262
3.2526208266 2.88553691815 2.01834944832
3.29293400124 2.90002007911 2.0683746845
3.31423567948 2.91857023171 2.06044812524
3.33084560043 2.93346412803 2.10355301286
3.37548282825 2.96905912492 2.18346143267
3.40089336871 2.98476174254 2.0460084098
3.42373516735 3.00081744252 2.02263166404
3.43540390415 3.02256889612 2.00014119626
3.4505436839 3.0389583767 2.01783069024
3.47148324383 3.05581682356 2.01655293341
3.49659093067 3.07937262503 2.00284602165
3.5409839974 3.11609710819 2.01554401884
3.56344262464 3.14035188168 2.00793599161
3.59171830024 3.15866048525 2.00347300039
3.60984695596 3.17609977234 1.99393278649
3.62907012965 3.19939117921 2.00141156425
3.66388975215 3.23397404636 1.99486472321
3.67913724311 3.25637457975 1.99514502336
3.70010643567 3.27225392008 2.00039110382
3.72260140943 3.28784423321 1.99211912485
3.74510824353 3.30712070852 1.99015361678
3.75629065837 3.32108384669 1.99285202071
3.76977982362 3.33473575301 1.99137008476
3.78215402757 3.3518002381 1.9922322573
3.80814657251 3.37609298131 2.00758964734
3.81948115176 3.39250102154 2.00251550014
3.8431085219 3.41662528282 2.00165414941
3.85793551989 3.43189894156 1.99867614328
3.86614963206 3.44286586425 2.00875960062
3.87460974244 3.45379230382 2.00033024985
3.88940494886 3.46840433275 1.98751701948
3.90424616179 3.47941349886 1.99106092457
3.91937928561 3.49043861816 1.99892662225
3.9351898151 3.50554778158 1.99330150976
3.94727834997 3.51737695767 2.00050218048
3.96557618417 3.5298137925 2.00117871945
3.97434565962 3.54670832438 2.00165034914
3.99241282715 3.55939786277 2.00256532684
4.01451407463 3.57294472332 2.00274210626
4.02738854333 3.59098269113 2.01091906093
4.03870504974 3.60447088999 2.00892776256
4.05669791661 3.61788849702 2.00445444213
4.07217611548 3.63545492855 2.00043959264
4.10909724773 3.66058470926 1.9880598405
4.12462087826 3.67659545937 1.99377589929
4.15093183781 3.7013048515 2.0002647136
4.16474066738 3.71652996888 2.00395813803
4.18320790005 3.72734227302 2.00091346874
4.19194382823 3.73691957053 2.01576701793
4.20022632181 3.74850477507 2.00397876225
4.21241827213 3.75675917391 2.00995326792
4.22095529868 3.76541929192 2.01632838892
4.22806017153 3.77824781948 2.01632554841
4.23799901363 3.78770824355 2.01452735256
4.25558831295 3.79637869057 1.9922245817
4.26636578381 3.80630222825 2.00661801603
4.27151145595 3.81209883893 1.99843348928
4.28947589358 3.81706870781 1.99155919464
4.29247006045 3.82268267896 2.00898346485
4.30655279375 3.82705498995 2.0113876441
4.31437329381 3.83257606188 2.0121763173
4.31843835618 3.84091519082 1.99932370231
4.32506355374 3.84827255131 1.99867560451
4.33561917682 3.85622668544 1.98952332264
4.34635016042 3.8676680514 1.98443355958
4.35762638832 3.87732287618 1.99650588869
4.37308838449 3.88821223716 1.98936247221
4.38498760776 3.90475218944 1.98790402967
4.40435289287 3.91851368372 1.98110005849
4.41910763437 3.93206316253 1.97059389831
4.43313028311 3.94998325744 1.98057657523
4.4618886424 3.96367782323 2.00009674979
4.49168780092 3.97751247631 1.98500628582
4.50045080326 3.99429558156 1.96505682689
4.50876391274 4.00551352832 1.96795956804
4.52256901896 4.01636230648 1.97651339138
4.53326712048 4.02974326533 1.97973191301
4.54102926406 4.03865950724 1.98822368016
4.55325224005 4.04767044396 2.00207499832
4.56290700379 4.05991717844 1.99740770645
4.57005720651 4.06917287858 2.00158166517
4.58167034445 4.07898130412 2.01550628886
4.5899164832 4.09233992841 2.01213411987
4.606150218 4.10286861105 2.02151923291
4.61733512545 4.11389213081 2.01304949847
4.63077591433 4.12916198446 2.01729129511
4.64685962719 4.14072556848 2.0236590461
4.65685370322 4.15215236061 2.01434409381
4.66657882115 4.16667271998 2.01529062343
4.67733456815 4.17751013591 2.02586559103
4.69130763867 4.18779098539 2.02901357705
4.70632557941 4.20236269705 2.03091536236
4.71439618127 4.21369034 2.02387113113
4.72540645146 4.22568394205 2.0256165871
4.74121894087 4.24230328807 2.03535090254
4.76039381024 4.25594536285 2.03102031054
4.77709784541 4.27069236626 2.02213249193
4.79235561896 4.29172070826 2.01238750137
4.8144252977 4.30832655923 2.01574362594
4.84019006932 4.32567639043 2.00735375643
4.85549043259 4.34864447685 2.0001769693
4.87108485705 4.36536988438 1.99982711112
4.89180114007 4.38776201447 2.00343186028
4.90867881693 4.40400132527 2.00601160225
4.93200126716 4.42023422555 2.01543082073
4.94904099073 4.44184603841 2.00454661371
4.96542413725 4.45776903024 2.00412099434
4.98333070105 4.47337651776 2.00849386184
5.00377270598 4.49395425774 2.00070253676
5.01986947419 4.50963586131 1.9946525664
5.03961256702 4.52510870916 1.99697828625
5.05471476743 4.54542277853 2.00099718935
5.07077411022 4.56057080098 1.99055686329
5.08928014866 4.57589470111 1.98880238569
5.10946902646 4.59683858209 1.99413525312
5.12961546473 4.61327556575 1.99404700854
5.1488766112 4.6301859661 1.99792071103
5.17390708678 4.65319713008 1.99521033401
5.1934487796 4.67070510036 2.00082206148
5.20804047906 4.68809242715 2.00334806123
5.22591396482 4.712126299 1.99368099268
5.25495336849 4.73127192039 1.98870831761
5.27664136069 4.75054486569 1.99794698332
5.29647434574 4.77702996922 1.99991289996
5.32671307199 4.79820035294 1.99037400121
5.35367279254 4.81987722089 1.99998468056
5.37530627731 4.84860510399 1.99941932101
5.39787358564 4.87045351278 1.99369916245
5.42781733186 4.892581215 1.99363125868
5.44677466637 4.92117157682 1.99770661321
5.47012534329 4.94192451822 1.99266505115
5.49131322149 4.96234452087 1.98845141299
5.51466023403 4.98848815943 1.9900897932
5.53566321239 5.00755949706 1.98763885802
5.56027789211 5.02648839057 1.99270170182
5.58001483387 5.05108023972 1.99374251772
5.59254989613 5.06882152474 1.99272343932
5.61456046364 5.08622817227 1.98182954528
5.63720023856 5.10821694522 1.97823930732
5.65663031203 5.12322332244 1.97214401753
5.66857306477 5.13756259462 1.97693200271
5.68098174595 5.15683650576 1.97139697322
5.70839283528 5.17233951071 1.96824991049
5.73013634801 5.18882725797 1.97859298925
5.75832136597 5.21191989782 1.98304994599
5.77619147629 5.23025881744 1.98720808729
5.79531078143 5.24935788515 1.98853025495
5.81801974149 5.27585871588 1.99383008737
5.83750939695 5.29560828234 1.99879768282
5.87060722994 5.31566696481 1.98645197066
5.91807803246 5.34353220095 1.98557076782
5.94560333416 5.36343845802 2.00341281075
5.96513484983 5.38261918 2.00505866998
5.99999882806 5.40662069936 1.9912441781
6.00709617263 5.42273903386 1.99440417307
6.01797326051 5.43727656194 1.99280102906
6.02432602789 5.45508433078 1.98019280133
6.03149916627 5.46775257937 1.97984825924
6.04238963723 5.48039622756 1.98354683043
6.05687415275 5.49876632543 1.97940519343
6.09443367734 5.51347600612 1.97736512668
6.12017883724 5.52914959453 1.98686818968
6.14443878191 5.55110826631 2.0003309845
6.16162060359 5.5679935406 2.0002564318
6.19635467242 5.58649623102 2.00753057278
6.24759942554 5.61517903101 2.00982508477
6.27554573101 5.63875591631 2.00634562909
6.300094625 5.66313171555 1.99804524864
6.32428897295 5.696574411 2.00144260069
6.35759884419 5.72214362457 2.00623713134
6.38346413628 5.74793264343 1.99071400542
6.40703630661 5.78254019311 1.99568009247
6.43408960273 5.80790171335 1.99230816762
6.44651802349 5.83323801224 1.99089485461
6.47941423866 5.86637941459 1.99321315109
6.52072679041 5.89132089495 1.99417566727
6.54795516573 5.91604333688 2.00233302429
6.58129807445 5.94805218749 1.999586994
6.60010803902 5.9724829559 1.99704884596
6.63655716851 5.99754053702 1.99939857827
6.67135405232 6.03173507295 1.99873981642
6.69334369465 6.05794347725 2.00365355949
6.72295496595 6.0845492731 2.00401444869
6.75854467267 6.12084049166 2.00195464336
6.78974137804 6.14862211415 2.00279591149
6.82175561308 6.17677324077 2.00423083662
6.85693233056 6.21491845578 2.00194898891
6.88861309756 6.24347294591 2.00280781525
6.92903659625 6.2724414947 2.0063341701
6.96551937463 6.3110360098 1.99447238516
6.99518326939 6.33930610284 1.99006795866
7.02463006443 6.36663200849 1.99524978091
7.05732559661 6.40242334398 1.99809398927
7.08692640755 6.42823737967 2.00375462022
7.1201688567 6.45318385241 2.00336252799
7.1469544917 6.4850488456 2.00489410102
7.17156242037 6.50820650788 2.00337282023
7.1933868586 6.53030312622 2.00820620884
7.21718643358 6.55858940771 2.00859860624
7.24188707472 6.57956118332 1.99761611346
7.26916189488 6.6006449103 1.99294282976
7.29942172873 6.62853365777 1.99043899315
7.32756803958 6.64890763863 1.99545420027
7.34438162319 6.66895666598 1.99100412235
7.36157532531 6.69591536973 1.99543047581
7.38304689502 6.71561642674 2.00370608206
7.41001305123 6.73510542194 2.00664407135
7.43365987844 6.76204924716 1.99855395693
7.46036697178 6.78288285328 1.99799600249
7.48454621628 6.80373032783 2.00277083741
7.51114493949 6.83199200847 1.99910908109
7.54007587731 6.85322095242 1.98983947866
7.56016792429 6.87382821091 1.99931837836
7.58432650104 6.90058742874 2.00768851556
7.60705328146 6.9203591904 1.99606192476
7.63366815467 6.93980568736 1.99631749751
7.65226266458 6.96434218669 2.00905427715
7.67505197958 6.98207499083 2.00647332445
7.69157895246 6.99883974157 2.00158209928
7.70304229056 7.02068956995 2.01046096906
7.72738202859 7.03687994661 2.01141725864
7.74978699568 7.05281408431 2.00840626802
7.7734624522 7.07433414592 2.0056805944
7.78804697256 7.09063426199 2.00327360321
7.81118544785 7.10609360209 2.00341659277
7.82852337531 7.12533818315 1.99802462033
7.841022029 7.1400232506 2.00154041355
7.85648790169 7.15407881377 2.00731881925
7.86872322776 7.17209382188 2.00929940836
7.88524879109 7.18554663878 2.00994044062
7.89984357088 7.19929965111 2.00621024415
7.91493900956 7.2175555417 2.0097008495
7.93155645606 7.23156937172 2.01055518483
7.94870165581 7.24553905314 2.01137442933
7.96495130943 7.2646043837 2.00929133028
7.97940069769 7.27956639432 2.01103630112
7.99451937827 7.31275518218 2.02495789314
8.01826547781 7.31756454804 2.011479729
8.03472764752 7.32729663099 2.00461320275
8.0491900186 7.34118528918 2.00312353511
8.06191138607 7.35925137276 2.00363867524
8.07601613334 7.37154217085 2.00718551553
8.08994200017 7.38873858525 2.01068564352
8.10611313279 7.40096260398 2.0049664182
8.12477597908 7.41402292971 2.00608057726
8.13971365684 7.42726312877 2.00842290439
8.15312702719 7.44642785726 2.00688330988
8.17440750691 7.4618520972 2.00723173751
8.19172736457 7.47802542065 2.00954126345
8.20632871189 7.49977965909 2.01397097602
8.22591054914 7.51706857804 2.01480933854
8.25021457955 7.5352385579 2.01162882083
8.26797631895 7.56041822823 2.00897000297
8.29163019093 7.57915938764 2.00080717252
8.31693155492 7.59868826936 2.00755947274
8.33460381384 7.62514306267 2.01189963289
8.35777019383 7.64499260928 2.00395198966
8.38112231449 7.6651174749 2.00618035796
8.40551868574 7.69330266501 2.00698324579
8.43827126842 7.71531483732 2.00033399167
8.4603385793 7.73746450115 1.99793326631
8.48695438836 7.76641953444 1.99770939151
8.51883299675 7.78818173113 1.99763808948
8.54094654689 7.80939260743 1.99894850283
8.55540897136 7.8367336642 1.99923595415
8.58284959738 7.8569321275 1.99929164292
8.60359671615 7.87697000353 1.99904733278
8.62295601231 7.90246140767 1.9966940043
8.64704476869 7.9211552207 1.99416320733
8.67268886265 7.93956181959 2.00658368683
8.68356401569 7.96308558693 2.01009347213
8.70420237699 7.98006525263 2.00122747651
8.73107007113 7.99688242418 2.00403653626
8.75374040781 8.01898088359 2.01383163483
8.76966420009 8.03464621155 2.01288154267
8.78596745515 8.05009740675 2.00749500488
8.81034914466 8.07002522338 2.0043724691
8.8241460968 8.08479736159 2.0099057046
8.83413779935 8.09805152413 2.00494654803
8.849449648 8.11497412246 1.99179553458
8.86084744332 8.1269673942 1.98747852173
8.86412374538 8.13830464882 1.98837561817
8.87673456083 8.15239439682 1.99703576322
8.89175074269 8.16328389449 1.99604623484
8.90673720052 8.17382498567 2.00060204669
8.92524626234 8.18769926209 2.00778460698
8.94308747503 8.19849865708 1.99820635265
8.95866005747 8.20889288904 1.99392166143
8.97401341945 8.22400158314 1.99136929875
8.99016680967 8.23552223405 1.99416327343
9.00654631067 8.24641792455 2.00214603072
9.01755162031 8.26114584573 1.99748785014
9.03053944364 8.2732311836 1.99925851539
9.05093758008 8.2851619443 1.99922085678
9.06680913752 8.3011123686 1.99121248556
9.08483526359 8.31364437853 1.98998414002
9.1012574467 8.32614183673 1.99686659206
9.12003568451 8.34413830542 1.99802258298
9.13777836899 8.35812619173 2.00426499708
9.1545592059 8.37228621052 2.00299337384
9.16654824828 8.39253525721 2.00437749952
9.18176038798 8.40782447084 2.00170642104
9.19842000542 8.42325586042 1.99932739115
9.21697729034 8.44398797881 1.99694037085
9.23288217362 8.45989835655 1.99734472393
9.25154671311 8.47605000646 1.99704057345
9.27457580661 8.49803664733 1.99665155536
9.29617082002 8.51484259549 2.00031918472
9.31102225249 8.5316914206 2.00590685368
9.33135416652 8.55453842455 2.00085600417
9.35219569841 8.57190401725 1.99922626568
9.37252764355 8.58952636504 1.99946586472
9.39185972922 8.61311102609 1.99991522915
9.41043910755 8.63049371681 2.00230671532
9.42971609851 8.6475680242 1.99936507058
9.4517546898 8.67053783288 1.99795402902
9.46823560967 8.68751277434 2.00253712626
9.48867313373 8.70421011373 1.99847236898
9.50701241324 8.7262665734 1.99956413069
9.52490925812 8.74282070602 2.0004481333
9.54141556239 8.75920596492 2.00015096839
9.5588270521 8.78095320113 2.00144001999
9.57872416288 8.79701437609 2.00140051106
9.5967020202 8.8126546444 2.00002346076
9.61768430065 8.83331130771 1.99817391248
9.63757695797 8.84791552113 2.0030182349
9.65365842023 8.86209936697 2.00113185086
9.66907555791 8.88024502305 1.99807900382
9.68423555872 8.89324313448 2.00081896603
9.69765481165 8.9056524092 2.00026792877
9.7104743673 8.92126231199 1.99918030349
9.7236928536 8.93262320785 1.99732030603
9.73728562156 8.9437804627 1.99743739784
9.74869786374 8.95791488643 2.00021825795
9.76301846799 8.9675048431 1.99734773855
9.7736649429 8.97672175089 1.99809696099
9.78478367812 8.98893283241 1.99131136895
9.79575544472 8.99814951457 1.99207077132
9.80602107966 9.00717737047 1.99326453084
9.81551026176 9.01928603642 1.99500892742
9.82562528395 9.02886091096 1.99390784266
9.83802035033 9.03800309262 1.99474240773
9.84958521653 9.04981910202 1.99073984662
9.86201923377 9.0586467735 1.99136893669
9.871867199 9.06681866016 1.98900774662
9.8830471301 9.07746074924 1.99237735553
9.89460223621 9.0849830401 1.99343974709
9.90090814694 9.09188534494 1.99249159068
9.9067077381 9.10109858913 1.99285020781
9.91551626112 9.10784154682 1.99314696912
9.92302459193 9.11437843565 1.99609858022
9.93012353205 9.12215430733 1.99400081194
9.93443635562 9.12734029272 1.99258392193
9.93732989275 9.13212855271 1.99263057638
9.94980771397 9.13866272242 1.99062228689
9.95725791799 9.14369769919 1.99316202331
9.96343347663 9.14892912414 1.999542602
9.96854062064 9.15523539305 1.99770318449
9.97393076776 9.16020980222 1.99668582337
9.97766900483 9.16483357259 1.99844218713
9.98287598754 9.17061964505 1.99574266482
9.98677634753 9.17461336044 1.99479243258
9.9912945934 9.17835985426 1.99481578556
9.99701428175 9.1825423225 1.99530808987
10.001684246 9.18505753847 1.99644752329
10.0044439109 9.1872321957 1.9950565234
10.0105131797 9.19026414741 1.99480074557
10.019205849 9.19308974685 1.99651740823
10.0238064001 9.19613950542 1.99815533071
10.0294270427 9.20090076265 1.99958704045
10.0321762619 9.2050564826 1.99757873742
10.0403977725 9.20855041303 1.99798169195
10.0532794914 9.21492731292 1.99843031498
10.0581654487 9.21946603506 1.99936446694
10.0662605667 9.22359824405 2.00006801158
10.0745724772 9.22997861867 1.99750882763
10.0804789073 9.23484971597 2.00150657385
10.088670566 9.23863869197 2.00124045308
10.0950392802 9.24307527398 1.99780167946
10.1019175168 9.24628032264 1.99454726429
10.1099092683 9.24880370936 1.99690662471
10.1137783627 9.25171167765 1.99518127369
10.1207015316 9.25326999804 1.9970244009
10.1232791637 9.25478980194 2.00089899029
10.1287891605 9.25773545466 2.00028340284
10.1331674164 9.2601478585 2.00037229966
10.1364073074 9.26262837691 1.99897750552
10.1387728874 9.2660586482 1.99842895398
10.1481913031 9.26948586623 1.99876739474
10.1550094512 9.27288554119 1.99854567818
10.1588021958 9.27713217346 1.99896477201
10.1632242975 9.28037535677 2.00061286355
10.1684258318 9.28386926896 2.0012982561
10.1723913612 9.28834113052 1.99943521899
10.1758250541 9.29175326546 1.9985617804
10.1800557479 9.2947551752 1.99949095488
10.1849708028 9.29884728962 1.99927802855
10.1871892255 9.30156803802 1.99706216847
10.1899407722 9.30404470482 1.9998904026
10.1906161516 9.30681224 2.00053118808
10.1948355431 9.3085600549 2.00065318051
10.1969293841 9.30996438404 2.00106134753
10.1995621928 9.31158329865 2.00116351308
10.2009620864 9.31254132293 2.00044687992
10.2044597763 9.31340832757 2.00018537443
10.2062027728 9.31455234702 1.99951642778
10.2086763861 9.31541352376 1.99934914424
10.210516238 9.31648003316 2.00054755369
10.2124935247 9.3170778057 2.0004644258
