0.0
0.016846750169
0.0311444135321
0.0520035424511
0.0720148597585
0.0956552183022
0.125939258632
0.154040056658
0.18786394793
0.220943236674
0.252427101472
0.288959560864
0.318863655392
0.348713530304
0.378493638731
0.414092579357
0.440983310683
0.461997088058
0.479603927374
0.491109128077
0.508467106112
0.525949969829
0.533941677975
0.550231680434
0.569039799788
0.576733622695
0.578194139871
0.593958002066
0.603269212251
0.610344446384
0.619230410505
0.633918774183
0.647555882789
0.651528087511
0.663353014565
0.676749340035
0.691758086991
0.705211927117
0.714008421104
0.725349408237
0.733254564058
0.735299940116
0.734653291877
0.7405979555
0.747309069672
0.754724440382
0.765428958573
0.780927578204
0.796161676475
0.813643047489
0.837538977544
0.855466641609
0.8776792424
0.905242454117
0.92748330372
0.949524921539
0.971549718734
0.997824030576
1.02719102882
1.0547832049
1.07398366564
1.0872234889
1.11050134571
1.12809810212
1.15010315578
1.17190129692
1.19471802539
1.22035207939
1.24016191741
1.25871956048
1.2824725871
1.30408000631
1.32433203212
1.33665360816
1.3643953849
1.38064985205
1.39678654618
1.41228484402
1.42926599327
1.44938425592
1.47071145596
1.47998226515
1.48229591491
1.4902930703
1.48860814499
1.48401163537
1.49774553077
1.48794411899
1.48056463636
1.47639124134
1.48230353935
1.49181266203
1.48471609234
1.47745476451
1.48560708782
1.46272914975
1.4706002397
1.44937349405
1.45899881705
1.43564117221
1.43903969407
1.45713675859
1.45162400621
1.45576175212
1.46880441025
1.46579331652
1.4887301305
1.50320037652
1.51692843261
1.53665652039
1.55151241367
1.56875501735
1.58194087777
1.5921066303
1.60294262413
1.61649044361
1.61810831046
1.63449948217
1.6376837572
1.62779483199
1.63413726163
1.62726850521
1.6389069301
1.63563534068
1.62022940767
1.62545113938
1.6152191985
1.60134488392
1.60364493855
1.59703816956
1.57423914063
1.55064793944
1.54218634398
1.51849261031
1.47251335561
1.45863375276
1.43458916575
1.39540959498
1.38220477488
1.36079905775
1.33044433012
1.30906240426
1.30643398491
1.29265074238
1.28150858401
1.29402132739
1.27884298361
1.26624163997
1.23613192081
1.23415480435
1.2399608069
1.22583258154
1.20019046388
1.20237172477
1.1876296676
1.1521726434
1.14035201681
1.12719772657
1.08274375098
1.07601001029
1.06182458946
1.05585253575
1.07589431226
1.0810655213
1.09216720621
1.12342070605
1.12962538413
1.14883241491
1.18608606729
1.1818836206
1.19007700583
1.18674873276
1.1920282976
1.18582266776
1.16227539421
1.12806190485
1.10618411805
1.08770962609
1.06598702355
1.0391491043
0.998331340498
0.966266616166
0.941449824404
0.915465759517
0.892048050852
0.874942968859
0.858453549785
0.832144015139
0.790417124065
0.770581524645
0.736620641456
0.716493363435
0.706884651246
0.69202131678
0.673263321442
0.655811305274
0.645263535391
0.629747750867
0.620648373425
0.613741264868
0.602028298994
0.592264492284
0.585858281147
0.578895236792
0.573849266752
0.56993299606
0.565605691077
0.5542142981
0.552530562835
0.557176868392
0.558581992667
0.56190727659
0.567849199201
0.571762543929
0.578415467581
0.584556807681
0.58999466215
0.601475918203
0.606922908834
0.611594675155
0.615677688297
0.613406611973
0.613179798461
0.601288961955
0.595965425026
0.593638531379
0.590275253417
0.589628477038
0.585518438914
0.584597324355
0.582429463016
0.583384138242
0.587224225581
0.600726565661
0.609911871509
0.608376794639
0.632798952704
0.652806428272
0.664966025076
0.672470550375
0.683770240989
0.693231054225
0.705346233759
0.720440567537
0.732364095584
0.746004391286
0.758640648303
0.77754456478
0.795331300974
0.810298396301
0.828079963118
0.840439151132
0.85435426257
0.858028056972
0.862502224479
0.870364967738
0.874647235443
0.8807765594
0.889317967181
0.904196046276
0.911799632415
0.92644517702
0.942779600949
0.954346067618
0.964559550883
0.972436522469
0.986683175509
0.992040580802
1.00014530218
1.01690562782
1.02620752862
1.03671455541
1.05340164788
1.06849358584
1.08018132149
1.09760680351
1.10912930188
1.12066174204
1.14418230056
1.16099624227
1.17631923539
1.19615180314
1.20934105129
1.22259449371
1.24127709413
1.24968454426
1.25976038156
1.28463417311
1.28598704265
1.28218687506
1.29926027929
1.30386765089
1.30464698272
1.3209009361
1.31669486406
1.31918902188
1.32507406017
1.33644484644
1.3398747044
1.35007239229
1.35852449932
1.35773623897
1.3671109193
1.38416943264
1.40013691088
1.41708806612
1.42502363946
1.43490332662
1.45665236352
1.47421447317
1.48531612755
1.51083344279
1.53182386871
1.55060089749
1.55475677827
1.57273591915
1.58784929376
1.58579501791
1.57407533192
1.58376458092
1.57939209298
1.62074050807
1.63405657774
1.6325134485
1.6108885508
1.59100632537
1.57620882463
1.55501220724
1.54598673996
1.55302143193
1.53910208504
1.51942839279
1.4962391862
1.48996190145
1.46596996551
1.4596914962
1.46128630338
1.44980779221
1.44456730208
1.44444208412
1.45534425274
1.47278188509
1.46792848591
1.47672616653
1.49253201319
1.51013372243
1.52595620767
1.54148817544
1.55907450574
1.58172232038
1.60158834731
1.61397700689
1.64139760493
1.66529749131
1.67658035167
1.69913319418
1.72805765794
1.75475230253
1.78673391525
1.82035108878
1.84771904117
1.87582244744
1.91137524621
1.93084866545
1.93908147707
1.96299466114
1.98581052197
2.00519548973
2.01523313793
2.03868161454
2.05746886989
2.06725796567
2.06925267301
2.081794702
2.09348397052
2.08305149829
2.08424924687
2.09995942337
2.09844587285
2.08670450689
2.09900107071
2.10312687363
2.09716232831
2.10006427636
2.09937516797
2.0952738233
2.09473375424
2.09187374167
2.08902206477
2.08796776704
2.08372196215
2.08107111943
2.07916086405
2.07842446581
2.074988084
2.07496051781
2.07509536452
2.07971167293
2.07865494811
2.07471722544
2.07481549815
2.07653937948
2.07166982234
2.06108470184
2.05266314809
2.03640466802
2.01970168972
2.00503292773
1.9816821152
1.95873293177
1.9328400186
1.90006754709
1.86511328714
1.83685632722
1.80128312484
1.76339131001
1.73112088228
1.69044712612
1.64948976372
1.61367906891
1.57044289237
1.53197051499
1.4885706029
1.44328404039
1.4003060506
1.35217304727
1.29537530149
1.26038095167
1.22776960909
1.18914074337
1.1599040458
1.12683568181
1.09555269348
1.07097338756
1.05658946222
1.03670395135
1.01393491489
0.994851662228
0.982157006743
0.967348509895
0.951351787003
0.941545623436
0.931658359968
0.918398225014
0.91068272288
0.906529022948
0.905334479907
0.890413719761
0.878770684561
0.857618232878
0.828376255213
0.80914960279
0.785132798915
0.772331842407
0.755467831436
0.733791276104
0.720335395456
0.694052798456
0.66931965449
0.6618475621
0.650692496682
0.640383059925
0.630676753355
0.618572727322
0.600501080292
0.592915700459
0.5897033921
0.587988439873
0.593076358856
0.602565689598
0.61883878722
0.634027802704
0.655418019228
0.681977256186
0.710027131184
0.738990782383
0.768393755148
0.797245260464
0.826821150257
0.86257093171
0.889843004378
0.918963671359
0.951138622472
0.984208784797
1.0106998193
1.04415412573
1.07342858079
1.09932081379
1.13116100137
1.15689583596
1.18137735847
1.20668579774
1.22547432883
1.24161339532
1.2601185172
1.27662324796
1.2913402847
1.30935022875
1.32174447502
1.32975985467
1.34689222239
1.35907283426
1.3670720195
1.3773581386
1.38626830608
1.39354930092
1.39935501484
1.40166097806
1.40336312325
1.40606400678
1.41070878572
1.4107770026
1.4144530116
1.41798259466
1.42293925969
1.42355292509
1.42656300139
1.42924235844
1.42801448149
1.43456649707
1.4394233995
1.44178056917
1.44477272198
1.45041585874
1.45309073844
1.45597597328
1.45758052909
1.46359251736
1.46871900419
1.46723224234
1.47522253354
1.48472783426
1.48629985625
1.4945916617
1.49766404913
1.49921164846
1.51225884142
1.52186589424
1.52466469611
1.53530499532
1.54458971805
1.54078548033
1.54414201991
1.54837500471
1.54299333743
1.54345463268
1.54791576464
1.5488102048
1.54730506676
1.54152756492
1.53769076136
1.53399879487
1.52423603089
1.51859732258
1.51560276351
1.50975081293
1.50271011444
1.49451022434
1.48710453678
1.48246310093
1.47526193639
1.47039482788
1.46612762556
1.46208650636
1.45814769908
1.45602393304
1.45464908747
1.4544528804
1.45065539355
1.44877184424
1.44743350573
1.44667453656
1.44571920247
