0.00331963853454
0.0197337680814
0.0338967454565
0.0560198627639
0.075973474779
0.0997958414888
0.131072706533
0.158355869512
0.191317602014
0.224368946906
0.255795215339
0.29295158199
0.322325360216
0.351169002379
0.384338089359
0.414935466139
0.44296333678
0.465528716428
0.483103076901
0.491099260675
0.508751668458
0.525942586894
0.541814112133
0.556411372992
0.572226984045
0.581714252187
0.590365882494
0.597843608008
0.608749483734
0.617864103931
0.624247129423
0.638917459661
0.652416380403
0.655909375087
0.66697153669
0.680307973465
0.697310800129
0.711155378616
0.719933984461
0.732930597353
0.739834681402
0.739300764111
0.749096554523
0.75465439579
0.761288770189
0.767618770719
0.777654383915
0.792635378181
0.809553185058
0.828841151286
0.852664052591
0.870758876426
0.892058637181
0.918792201111
0.942409687837
0.964294125013
0.986637925532
1.01192565754
1.02869332783
1.05732363311
1.07644679441
1.0895743972
1.11318229895
1.1302807806
1.1533821895
1.18530005635
1.20764621081
1.23321946757
1.25186195767
1.26913644419
1.29382636785
1.31556824778
1.33495306838
1.34774728888
1.37272118854
1.38925389181
1.40379410898
1.41987820491
1.43586432633
1.44991307926
1.46953608205
1.47614010669
1.47973986157
1.48769861087
1.48664124757
1.48872603355
1.50276305958
1.49424100362
1.48936119784
1.47960647335
1.48708882965
1.49908109709
1.49346204716
1.48442247455
1.48479912139
1.46124579887
1.47183633502
1.45515901248
1.46374884976
1.44658037553
1.44963576599
1.46564234972
1.46105862865
1.46411583576
1.47753002467
1.47525382524
1.49769464179
1.50599609084
1.52006176571
1.53930740927
1.55392255451
1.56975771234
1.58267277971
1.59181624828
1.60121355801
1.61576792184
1.61728397628
1.63284463624
1.63670701266
1.62904241052
1.62636225098
1.62382137302
1.63891021952
1.63591173679
1.61898211062
1.62426510942
1.61133660554
1.59646504526
1.60235298198
1.59673275409
1.57487245454
1.54935209761
1.54190584287
1.51699233693
1.47069389668
1.45628523787
1.43162507493
1.39284202616
1.38006233371
1.3583764194
1.33412476307
1.31127361938
1.30826797353
1.29712512191
1.28185530308
1.29152723115
1.28101234914
1.26685988211
1.24333197349
1.24179173907
1.24389778389
1.23065254283
1.20821926853
1.20663380159
1.19278428318
1.1581599307
1.14605275939
1.12803841529
1.08380772928
1.07522015798
1.06348844544
1.04903335673
1.05343504662
1.05741863024
1.0703801542
1.09263821977
1.1342411273
1.14275391268
1.18989695221
1.19079691226
1.19477511139
1.19170008249
1.19554857
1.1910213329
1.16716527224
1.1284990944
1.10635751598
1.09290250518
1.07285534535
1.04710045251
1.00576571848
0.976269752276
0.950957017907
0.926922632664
0.902297898457
0.88724043937
0.870067043096
0.841302897566
0.806223678366
0.786931973102
0.754016973285
0.733959685636
0.719794797819
0.707143474411
0.689923453838
0.676188437279
0.665026254297
0.649704423362
0.640052111298
0.633483288584
0.623321913523
0.61329468369
0.608534191663
0.603770558303
0.598648224751
0.595099428478
0.59083086608
0.577616290804
0.576415404147
0.58368870317
0.584246307595
0.587643301656
0.593759286978
0.596990681496
0.603972672544
0.609687404381
0.615700685311
0.625880170682
0.631961496951
0.636294102569
0.640171649935
0.63844136649
0.636070449588
0.624722442081
0.618558549915
0.616361141463
0.613401657622
0.613982773669
0.610283267567
0.608645866894
0.606469097147
0.6064275522
0.610791627587
0.62517815901
0.634094449955
0.630189487846
0.652704665199
0.676786951114
0.689788444885
0.696236115395
0.708591351879
0.717132292375
0.727050292029
0.741076591942
0.75331385542
0.76444510188
0.779194584233
0.797149892528
0.815591881732
0.834737173797
0.852391009461
0.866070862225
0.877955993334
0.881874899419
0.886541533912
0.894213640567
0.899017568831
0.905802671058
0.914439731381
0.922994448763
0.930643191207
0.944476176905
0.960232450812
0.971592250813
0.98154158229
0.988392716986
1.00115025006
1.00461996039
1.01322287769
1.03295758132
1.04088150602
1.05083538741
1.06711320255
1.07844934921
1.09009042182
1.10586998618
1.1171963579
1.12917296665
1.15046043492
1.16620304852
1.18423719229
1.2053536623
1.21616533359
1.22846102717
1.24569417779
1.25264868925
1.26085257584
1.28494869417
1.2880881317
1.28720389134
1.30370716817
1.30837060414
1.30801890857
1.31631203595
1.32031924268
1.31977889571
1.32781776953
1.33902744814
1.34046934942
1.34831393201
1.35189390853
1.35045313291
1.36340602041
1.37919026949
1.39148851825
1.40450298886
1.41653324376
1.42434221088
1.44760012478
1.46652836812
1.47876397349
1.50271497282
1.52350595553
1.541809184
1.54927587536
1.56810849
1.58265968905
1.58404302582
1.5906556186
1.61411235113
1.6113488268
1.6071964295
1.61792839597
1.621230838
1.59981154487
1.57873023399
1.56377932522
1.5468428111
1.54212202139
1.54864606735
1.53827700196
1.5224056116
1.49848503974
1.4910178446
1.46451082584
1.45676307423
1.45446343835
1.44454022616
1.43938891039
1.44088912308
1.4516769681
1.46841068929
1.46478865791
1.47412646256
1.4920435267
1.51062402293
1.52706053724
1.54113273245
1.55952927804
1.5813064415
1.60124732137
1.6141973579
1.64075500034
1.66617448737
1.6775557411
1.70156448506
1.72866475855
1.75662500907
1.792991139
1.82350377831
1.85251600302
1.88215364747
1.91470223514
1.93733913341
1.94592569099
1.971830987
1.99293918913
2.01212844681
2.02194786035
2.04498707453
2.06599673252
2.07546665754
2.07560324787
2.08576863943
2.09423021356
2.08495706381
2.08698962681
2.1042782819
2.10194765088
2.09395221257
2.10347065631
2.10644267113
2.10107836284
2.10641336345
2.1052992204
2.10124688011
2.10119912936
2.09878249456
2.09498575073
2.09374354188
2.08961449368
2.08580847168
2.08582700413
2.08524241556
2.08188578667
2.08266600783
2.0816519812
2.08456542623
2.08393550387
2.08203420318
2.08128686841
2.08276003138
2.07733880318
2.06810782311
2.05816768868
2.04305173813
2.02731011603
2.01413746202
1.99114697437
1.96826561046
1.94133102346
1.90979587294
1.87959973734
1.84871621463
1.8158881061
1.76775938118
1.73311448423
1.69217669723
1.65099513289
1.61615030815
1.57412270526
1.53586537766
1.49208686519
1.44739880612
1.40596396698
1.3566869532
1.30820299983
1.27394770853
1.24115117294
1.20059026169
1.16893064078
1.13579822965
1.10555308825
1.0832072735
1.06790397627
1.04850014347
1.02564766944
1.00622376963
0.992168611292
0.977797720618
0.960109439077
0.949410456267
0.940070616628
0.926401021717
0.917324406305
0.911817713344
0.914334296523
0.901145096538
0.889285192161
0.866607423077
0.839671811388
0.819444356954
0.796132560254
0.783328116036
0.766351018776
0.743961990939
0.731029378212
0.702885648497
0.675782902861
0.668728110804
0.656095341264
0.647328971907
0.638795001961
0.628069158961
0.616483191912
0.600036089741
0.597036281914
0.595330709585
0.599991037527
0.60811581228
0.627375129908
0.642382211953
0.663760624631
0.689130702302
0.718275771596
0.746086319605
0.776873848827
0.805935331281
0.836376538843
0.869873494047
0.898711259705
0.931147566368
0.964946452043
0.991683182893
1.01999119218
1.05037923544
1.07967991235
1.10604962511
1.13782082652
1.16500216342
1.18733099343
1.21092334335
1.22993564194
1.2484414644
1.26874842453
1.28559530142
1.29942310695
1.32143284649
1.33432414445
1.34059866369
1.35657459167
1.36839864176
1.37702119123
1.38717547349
1.39646947722
1.40329666057
1.40876594612
1.41256208117
1.41439182882
1.41776256818
1.42029355013
1.42194618718
1.42547483457
1.42886960969
1.43183737945
1.43310557319
1.43548635291
1.43772303579
1.43579224109
1.44075046783
1.44485431467
1.44782045253
1.45136250099
1.45532614415
1.45839692908
1.46192181979
1.46334131117
1.46910167374
1.4745799217
1.47315937506
1.48038954194
1.48841323349
1.49036697239
1.50002788493
1.50393570986
1.50554792971
1.52012308999
1.52758646494
1.52892946742
1.54084266437
1.54796323137
1.5471499402
1.55056572053
1.55629208667
1.55291505369
1.5542277441
1.55862336358
1.55925530559
1.55508765514
1.54920474125
1.54568975079
1.54116946847
1.53257526178
1.52648381482
1.52474605775
1.51840792551
1.50950441041
1.50050729239
1.4938247318
1.48923200018
1.48122814204
1.47679587927
1.47390014707
1.47065332438
1.46703259819
1.46472688971
1.46267898268
1.46162176764
1.45845083517
1.45562846861
1.45566095678
1.4537308549
1.45176341302
